Unique Name	Descriptor	Wide Peak Limits	Peak Limits	Region Limits	q values	Residual q values after removing segments shared with higher peaks	Broad or Focal	Amplitude Threshold	GSM248783	GSM248784	GSM248785	GSM248786	GSM248787	GSM248788	GSM248789	GSM248790	GSM248791	GSM248792	GSM248793	GSM248794	GSM248795	GSM248796	GSM248797	GSM248799	GSM248800	GSM248801	GSM248802	GSM248803	GSM248804	GSM248805	GSM248806	GSM248807	GSM248808	GSM248809	GSM248810	GSM248811	GSM248812	GSM248813	GSM248814	GSM248815	GSM248817	GSM248818	GSM248819	GSM248820	GSM248821	GSM248822	GSM248823	GSM248824	GSM248826	GSM248827	GSM248828	GSM248829	GSM248830	GSM248831	GSM248832	GSM248833	GSM248834	GSM248835	GSM248836	GSM248837	GSM248838	GSM248840	GSM248841	GSM248842	GSM248843	GSM248844	GSM248845	GSM248846	GSM248847	GSM248848	GSM248849	GSM248850	GSM248851	GSM248852	GSM248853	GSM248854	GSM248855	GSM248857	GSM248858	GSM248859	GSM248860	GSM248861	GSM248862	GSM248863	GSM248864	GSM248865	GSM248866	GSM248867	GSM248868	GSM248869	GSM248870	GSM248871	GSM248872	GSM248873	GSM248874	GSM248876	GSM248877	GSM248878	GSM248879	GSM248880	GSM248881	GSM248882	GSM248883	GSM248884	
Amplification Peak  1	1q21.2  	chr1:148166325-154634621(probes 300778:310163)    	chr1:148166573-150015452(probes 300779:302935)    	chr1:120992604-166552428(probes 295963:334895)    	0.00026964	 0.00026964		0: t<0.1; 1: 0.1<t< 0.9; 2: t>0.9	2	2	1	1	2	2	2	2	2	2	2	2	2	0	0	0	2	2	2	0	0	0	2	2	2	2	2	0	2	2	2	2	2	0	2	2	0	2	0	0	2	0	2	2	2	0	0	2	2	2	2	1	2	0	2	2	2	2	2	2	2	2	2	2	1	0	2	2	2	2	0	0	2	0	1	0	0	2	2	2	2	1	0	2	2	0	2	2	2	2	2	2	0	2	2	2	
Amplification Peak  2	4p15.31 	chr4:20299156-20483255(probes 1531828:1531906)      	chr4:20364339-20479888(probes 1531829:1531905)      	chr4:20364339-20485473(probes 1531829:1531908)      	0.15784	    0.15784		0: t<0.1; 1: 0.1<t< 0.9; 2: t>0.9	0	2	0	0	0	0	0	0	0	0	0	0	0	0	0	0	0	0	0	0	0	0	0	0	0	0	0	2	0	0	0	2	0	0	0	0	0	0	0	0	0	0	0	0	0	0	0	0	0	0	0	0	0	0	0	0	0	0	0	2	0	0	0	0	0	0	0	0	0	0	0	0	0	0	0	0	0	0	0	2	0	0	0	0	0	0	0	0	0	0	0	0	0	0	2	0	
Amplification Peak  3	4q23    	chr4:100249169-100278754(probes 1693951:1693989)  	chr4:100249607-100277052(probes 1693952:1693988)  	chr4:100249607-100279888(probes 1693952:1693992)  	0.021575	   0.021575		0: t<0.1; 1: 0.1<t< 0.9; 2: t>0.9	0	0	0	0	0	0	0	0	0	2	0	0	0	0	0	0	0	0	0	0	0	0	0	0	0	0	0	0	0	0	0	0	0	2	2	0	0	0	0	0	0	0	0	0	0	0	0	0	0	0	0	0	0	0	0	0	0	0	0	0	0	0	0	0	0	0	0	0	0	0	0	0	0	0	0	0	0	0	0	0	0	0	0	0	0	0	0	0	0	0	0	0	0	0	0	0	
Amplification Peak  4	5q35.3  	chr5:179141654-179429897(probes 2361635:2362321)  	chr5:179141666-179429854(probes 2361636:2362320)  	chr5:179141666-179430149(probes 2361636:2362323)  	0.070952	   0.070952		0: t<0.1; 1: 0.1<t< 0.9; 2: t>0.9	0	2	0	0	2	2	0	0	0	0	2	0	2	2	0	2	0	0	0	0	2	0	0	2	2	0	0	0	0	2	0	2	0	0	2	2	2	0	0	0	2	0	0	2	0	2	0	0	2	0	2	0	0	0	0	2	2	2	0	0	0	0	0	0	0	0	0	2	0	0	0	0	2	0	1	0	0	2	1	2	2	0	2	2	0	2	0	2	0	1	0	0	0	0	0	0	
Amplification Peak  5	6p21.1  	chr6:43758563-45244471(probes 2397374:2399561)      	chr6:43758766-44536483(probes 2397375:2398482)      	chr6:42604436-53679975(probes 2395765:2413134)      	0.0048335	  0.0048335		0: t<0.1; 1: 0.1<t< 0.9; 2: t>0.9	0	0	2	0	0	2	2	2	2	0	0	2	0	0	0	0	0	0	0	0	0	0	2	2	0	2	0	0	0	2	0	2	2	2	0	2	2	0	0	0	2	0	0	0	0	0	2	2	0	0	0	1	2	2	2	0	0	2	0	0	2	1	0	0	0	0	0	1	0	0	0	0	0	0	2	0	0	2	0	2	0	0	2	0	0	0	2	2	0	0	0	0	0	0	2	2	
Amplification Peak  6	7p22.2  	chr7:3546209-3675181(probes 2932852:2932887)          	chr7:3573167-3666877(probes 2932853:2932886)          	chr7:3546209-3676020(probes 2932852:2932889)          	0.013253	   0.013253		0: t<0.1; 1: 0.1<t< 0.9; 2: t>0.9	0	0	2	0	0	2	2	0	0	0	2	0	0	1	0	2	0	0	0	0	2	0	0	2	2	0	0	2	0	0	0	2	0	0	2	1	2	0	0	0	2	0	0	0	0	0	2	2	2	0	2	0	2	0	0	0	0	2	0	0	2	1	0	0	0	0	0	0	2	0	0	2	0	0	0	0	0	2	1	0	2	0	0	2	0	0	2	0	2	1	0	0	0	0	1	2	
Amplification Peak  7	8q23.1  	chr8:103176726-146274826(probes 3528938:3742395)  	chr8:105244973-108389960(probes 3538980:3554273)  	chr8:105244973-108390242(probes 3538980:3554276)  	0.22527	    0.22527		0: t<0.1; 1: 0.1<t< 0.9; 2: t>0.9	2	2	1	2	2	2	2	2	2	2	2	2	2	0	2	2	2	2	0	2	0	0	2	2	2	2	0	0	2	2	2	2	2	0	2	1	2	0	0	0	2	2	2	0	2	2	2	2	2	0	2	0	0	0	2	2	2	0	0	2	2	2	0	2	1	0	2	0	2	2	2	0	2	0	1	0	2	2	0	2	0	2	2	2	2	0	2	2	0	2	0	2	0	0	2	2	
Amplification Peak  8	9p23    	chr9:11432234-14070741(probes 3747966:3751864)      	chr9:11508391-12493841(probes 3748066:3749516)      	chr9:11404733-14132232(probes 3747941:3751940)      	0.037442	   0.037442		0: t<0.1; 1: 0.1<t< 0.9; 2: t>0.9	0	0	2	0	0	0	2	0	0	0	0	0	0	0	0	0	0	0	0	0	0	0	0	0	0	0	0	0	0	0	1	0	1	2	0	0	0	0	0	0	0	0	0	0	2	0	0	0	0	0	2	0	0	0	0	0	0	0	0	0	0	0	0	0	0	0	0	0	2	0	0	0	0	0	0	0	0	0	0	2	0	2	0	0	0	0	0	0	0	1	0	2	0	0	1	0	
Amplification Peak  9	9p13.3  	chr9:32880289-32893328(probes 3785982:3785986)      	chr9:32880349-32886387(probes 3785983:3785985)      	chr9:32860069-32899801(probes 3785933:3786000)      	8.886e-07	  8.886e-07		0: t<0.1; 1: 0.1<t< 0.9; 2: t>0.9	0	0	2	0	0	0	0	0	0	0	0	0	0	0	0	0	0	0	0	0	0	0	0	0	0	0	0	0	0	0	0	0	1	0	0	0	0	0	0	0	0	2	0	0	0	2	0	0	0	0	0	0	0	0	0	0	0	0	0	0	0	1	0	0	0	0	0	0	2	0	0	0	2	0	0	0	0	0	0	0	2	0	0	0	0	2	0	0	2	1	0	0	0	0	0	1	
Amplification Peak 10	11p13   	chr11:32779584-33053970(probes 4246740:4246940)    	chr11:32779790-33045140(probes 4246741:4246939)    	chr11:32752669-33055243(probes 4246735:4246942)    	0.021575	   0.021575		0: t<0.1; 1: 0.1<t< 0.9; 2: t>0.9	0	0	1	0	0	0	0	0	0	2	0	0	0	0	0	0	0	0	0	0	0	0	0	0	0	0	0	0	0	0	0	0	0	0	0	0	0	0	0	0	0	0	0	0	0	2	0	0	0	0	2	0	0	0	0	0	0	0	0	0	0	0	0	0	0	0	0	0	0	0	0	0	0	0	0	0	0	0	0	0	0	0	0	0	0	0	0	2	0	1	2	0	0	0	0	0	
Amplification Peak 11	11q13.2 	chr11:68831183-69265650(probes 4308918:4309557)    	chr11:68831869-69252263(probes 4308919:4309556)    	chr11:67273414-69539121(probes 4305939:4309929)    	3.0962e-09	 3.0962e-09		0: t<0.1; 1: 0.1<t< 0.9; 2: t>0.9	0	0	2	0	0	0	0	0	0	0	0	0	0	0	0	0	0	0	0	0	0	0	0	0	0	0	0	0	0	0	0	0	0	0	2	0	0	0	2	0	0	2	0	0	0	0	0	0	0	0	0	0	0	0	0	0	0	0	0	0	0	0	0	0	0	0	0	2	0	0	0	2	0	0	0	2	0	0	0	0	0	0	0	0	0	0	0	2	0	1	2	0	0	0	0	0	
Amplification Peak 12	12p13.33	chr12:1-112383(probes 4516942:4516953)                  	chr12:1-110047(probes 4516942:4516952)                  	chr12:1-119607(probes 4516942:4516955)                  	0.070952	   0.070952		0: t<0.1; 1: 0.1<t< 0.9; 2: t>0.9	0	0	0	0	0	0	0	0	0	0	0	0	0	0	0	0	0	0	0	0	0	0	1	0	0	0	0	0	0	0	0	0	0	0	0	0	0	0	0	0	0	0	0	2	0	0	0	0	0	0	2	0	0	0	0	0	0	0	0	0	0	0	0	2	0	0	0	0	2	2	0	0	0	0	0	0	0	0	0	0	0	2	0	0	0	0	0	2	2	0	0	0	0	0	0	0	
Amplification Peak 13	13q34   	chr13:112030408-113771025(probes 4997270:5001784)	chr13:112030831-113770958(probes 4997271:5001783)	chr13:112030831-113771591(probes 4997271:5001786)	0.20732	    0.20732		0: t<0.1; 1: 0.1<t< 0.9; 2: t>0.9	0	0	0	0	0	0	0	0	0	0	0	2	0	0	0	0	2	0	0	0	0	0	0	0	0	0	0	0	0	0	0	0	0	0	0	0	0	0	0	2	0	0	0	0	0	0	0	0	0	0	0	0	0	2	0	0	0	0	0	0	2	1	0	0	0	0	0	0	0	0	0	0	0	0	2	0	0	0	0	0	0	0	0	0	0	0	0	2	0	0	0	0	0	0	2	0	
Amplification Peak 14	14q13.3 	chr14:35607371-35656968(probes 5011913:5011967)    	chr14:35608485-35656917(probes 5011914:5011966)    	chr14:35608485-35660312(probes 5011914:5011969)    	0.20732	    0.20732		0: t<0.1; 1: 0.1<t< 0.9; 2: t>0.9	0	0	1	0	0	1	0	0	0	0	0	0	0	0	0	2	0	0	0	0	0	0	0	0	0	0	0	0	0	0	0	0	1	0	0	0	0	0	0	0	0	0	0	0	0	0	0	0	2	0	2	0	0	0	0	0	0	2	0	0	0	2	0	0	0	0	0	0	0	0	0	0	0	0	0	0	0	0	0	0	0	0	0	0	0	0	0	0	0	0	2	0	0	0	0	1	
Amplification Peak 15	17q25.1 	chr17:68575772-69560208(probes 5545258:5549982)    	chr17:68717960-69555034(probes 5545942:5549953)    	chr17:68575822-69560581(probes 5545259:5549984)    	0.15784	    0.15784		0: t<0.1; 1: 0.1<t< 0.9; 2: t>0.9	0	0	0	1	0	2	0	2	0	2	0	2	0	2	0	0	0	2	0	0	0	0	0	2	0	0	0	0	0	0	0	0	0	0	0	0	2	2	0	0	2	0	2	2	0	2	2	0	1	0	2	1	0	0	2	2	0	0	0	0	0	1	0	0	0	0	0	0	2	0	0	0	2	0	0	0	0	2	1	0	2	0	0	2	0	0	0	2	0	0	0	0	0	0	1	1	
Amplification Peak 16	18p11.32	chr18:1-1030886(probes 5597341:5597429)               	chr18:1-1028276(probes 5597341:5597428)               	chr18:1-1040886(probes 5597341:5597431)               	0.22527	    0.22527		0: t<0.1; 1: 0.1<t< 0.9; 2: t>0.9	0	0	1	0	0	0	0	0	0	0	0	0	0	0	0	0	0	2	0	0	0	0	0	0	0	0	0	0	0	0	0	0	0	0	0	0	0	0	0	0	2	0	0	0	0	0	0	0	2	0	0	0	0	0	0	0	0	0	0	0	0	1	0	2	0	0	0	0	0	0	0	0	0	0	0	0	0	0	0	0	0	0	0	2	0	0	0	0	0	0	0	0	0	0	1	0	
Amplification Peak 17	19q12   	chr19:24297412-33021659(probes 5718154:5718519)    	chr19:24297478-33020592(probes 5718155:5718518)    	chr19:24297478-33123785(probes 5718155:5718627)    	3.0962e-09	 3.0962e-09		0: t<0.1; 1: 0.1<t< 0.9; 2: t>0.9	0	2	0	1	0	1	2	0	0	2	0	0	2	1	0	2	0	2	0	0	0	0	1	0	0	0	0	0	0	0	2	0	2	0	0	0	2	2	0	0	0	1	1	2	2	0	0	0	0	0	2	0	2	2	2	0	0	2	0	0	0	2	2	0	0	0	0	0	2	0	1	2	0	0	0	0	0	0	1	0	0	2	2	2	0	0	2	0	0	2	0	0	0	0	2	0	
Amplification Peak 18	20q13.32	chr20:49541845-62435964(probes 5826015:5845534)    	chr20:55463164-58357330(probes 5834346:5838670)    	chr20:55463164-58358329(probes 5834346:5838673)    	0.22527	    0.22527		0: t<0.1; 1: 0.1<t< 0.9; 2: t>0.9	0	0	1	0	0	0	2	0	0	0	2	2	0	0	0	2	0	0	0	0	0	0	2	0	0	0	0	0	2	0	0	0	1	0	0	1	0	0	2	0	2	1	2	2	0	0	0	0	2	0	2	0	0	0	0	0	0	2	0	0	0	0	0	0	0	0	0	0	2	0	0	0	2	0	0	0	0	0	1	0	0	0	2	2	0	0	2	2	0	1	0	2	0	0	1	1	
Amplification Peak 19	21q21.3 	chr21:29475859-29640880(probes 5849181:5849248)    	chr21:29478111-29619543(probes 5849182:5849247)    	chr21:29478111-29644174(probes 5849182:5849250)    	0.20732	    0.20732		0: t<0.1; 1: 0.1<t< 0.9; 2: t>0.9	0	0	0	0	0	0	0	0	0	0	0	0	0	0	0	0	0	0	0	0	0	0	0	0	0	0	0	0	0	0	0	0	0	0	0	0	0	0	0	0	0	0	0	0	0	0	0	0	0	0	0	0	0	0	0	0	0	0	0	0	0	0	0	0	0	0	0	0	0	0	0	0	0	0	0	0	0	0	0	0	0	0	0	0	0	0	0	0	0	0	0	0	2	2	1	0	
Deletion Peak  1	1p36.31 	chr1:4742430-11789981(probes 604:5876)               	chr1:6166056-6622428(probes 1324:1617)                	chr1:1-11786370(probes 1:5873)                        	0.054741	    0.11911		0: t>-0.1; 1: -0.1>t> -1.3; 2: t< -1.3	0	0	0	0	0	0	0	0	0	0	0	1	0	1	0	0	0	1	0	0	0	0	1	0	0	0	0	0	1	0	0	0	0	0	0	0	0	0	0	0	0	0	0	1	0	0	0	0	0	1	0	1	0	0	0	0	0	0	0	1	0	0	0	0	0	0	0	0	0	0	0	0	0	0	0	0	1	0	1	0	0	1	0	0	1	0	1	0	0	1	0	0	0	0	1	1	
Deletion Peak  2	1p22.3  	chr1:64482534-143602428(probes 104681:295984)      	chr1:86586461-87584303(probes 170551:173954)        	chr1:86103834-88818106(probes 169022:178214)        	0.11911	    0.18121		0: t>-0.1; 1: -0.1>t> -1.3; 2: t< -1.3	0	0	0	0	0	0	0	0	0	0	0	0	1	0	0	0	0	1	0	0	0	0	0	0	0	0	0	0	0	0	0	0	0	0	0	0	0	0	0	0	0	0	0	0	0	0	0	0	0	0	0	1	0	0	0	0	1	0	0	0	0	1	0	0	0	0	0	0	0	0	0	0	0	0	0	0	0	0	1	0	0	1	0	0	1	0	0	0	1	1	0	0	0	0	1	0	
Deletion Peak  3	2q22.2  	chr2:106869014-159801077(probes 668374:801468)    	chr2:140705060-144242993(probes 748395:757961)    	chr2:141700351-141700870(probes 750889:750890)    	0.18121	    0.18121		0: t>-0.1; 1: -0.1>t> -1.3; 2: t< -1.3	0	1	0	0	0	0	0	0	0	0	0	0	0	0	0	0	0	0	0	0	0	0	0	0	0	0	0	0	0	0	0	0	1	0	0	0	1	0	0	0	0	0	1	0	0	0	0	0	0	0	0	0	0	0	0	0	0	0	0	0	0	1	0	0	0	0	0	0	0	0	0	1	0	0	1	0	0	0	0	0	0	1	0	0	0	0	0	0	0	1	0	0	0	0	0	0	
Deletion Peak  4	2q37.3  	chr2:235629014-242951149(probes 1046335:1071355)  	chr2:238139879-238814001(probes 1055228:1057649)  	chr2:235994581-242951149(probes 1047609:1071355)  	0.035552	   0.035552		0: t>-0.1; 1: -0.1>t> -1.3; 2: t< -1.3	0	0	0	0	0	0	0	0	0	0	0	0	0	0	0	0	0	0	0	0	1	0	0	0	0	0	0	0	0	0	0	0	1	0	0	0	0	0	0	0	0	0	0	0	0	1	0	0	0	0	0	0	0	0	0	0	0	0	0	0	0	1	0	0	0	0	0	0	0	0	0	1	0	0	1	0	0	0	0	1	0	1	0	0	0	0	0	0	0	0	0	0	0	0	1	0	
Deletion Peak  5	3p26.3  	chr3:1-1109645(probes 1071356:1071626)                  	chr3:196227-429396(probes 1071367:1071421)              	chr3:336227-346225(probes 1071395:1071396)              	0.00032952	 0.00032952		0: t>-0.1; 1: -0.1>t> -1.3; 2: t< -1.3	0	0	0	0	0	0	0	0	0	0	0	0	0	0	0	0	0	0	0	0	0	0	1	0	0	0	0	0	0	0	0	0	0	0	0	0	0	0	0	0	0	0	0	0	0	0	0	0	0	0	0	0	1	1	0	0	0	0	0	0	0	0	0	1	0	0	0	0	0	0	0	0	0	0	1	0	0	0	0	0	0	1	0	0	1	0	0	0	0	0	0	0	0	0	0	0	
Deletion Peak  6	3p21.31 	chr3:48459647-53828449(probes 1112820:1121303)      	chr3:48529398-52224265(probes 1112903:1118754)      	chr3:48465198-53628449(probes 1112829:1120983)      	0.054741	     0.1204		0: t>-0.1; 1: -0.1>t> -1.3; 2: t< -1.3	0	0	0	1	1	0	0	0	0	0	0	0	0	1	0	0	0	0	0	0	0	0	1	0	0	0	0	0	0	0	0	0	0	0	0	0	0	0	0	0	0	0	0	0	0	1	0	0	0	0	0	0	1	1	0	0	0	0	0	0	0	0	0	0	0	0	0	0	0	0	0	0	0	0	1	0	0	0	0	0	0	1	0	0	1	0	1	0	0	0	0	0	0	0	0	0	
Deletion Peak  7	4q21.23 	chr4:82611023-99612839(probes 1638423:1691784)      	chr4:84398371-84602881(probes 1643401:1643874)      	chr4:66399068-117673055(probes 1595648:1758287)    	0.00052464	 0.00052464		0: t>-0.1; 1: -0.1>t> -1.3; 2: t< -1.3	0	1	1	0	0	1	0	0	0	0	0	0	0	0	0	0	0	1	0	0	0	0	0	0	0	0	0	1	1	0	0	0	0	0	0	0	0	1	0	0	0	1	1	0	0	1	0	0	0	0	0	1	1	1	0	0	0	0	0	1	0	1	0	0	0	0	0	1	1	0	0	1	0	0	0	1	0	0	1	0	0	1	0	0	1	0	0	0	1	1	1	0	0	0	0	0	
Deletion Peak  8	4q35.1  	chr4:174774338-191273063(probes 1997848:2074575)  	chr4:184474509-184606309(probes 2043394:2044019)  	chr4:175229424-191273063(probes 1999983:2074575)  	0.01887	    0.01887		0: t>-0.1; 1: -0.1>t> -1.3; 2: t< -1.3	0	0	1	0	0	0	0	0	0	0	0	0	0	0	0	0	0	1	0	0	0	0	0	0	0	0	1	1	0	0	1	0	0	0	0	0	0	1	0	0	0	0	1	0	0	1	0	0	0	0	0	1	1	0	0	0	0	0	0	1	0	1	0	0	0	0	0	1	0	0	0	1	0	0	1	1	0	0	1	0	0	0	0	1	1	0	0	0	1	0	1	0	0	0	1	1	
Deletion Peak  9	7q21.13 	chr7:88260581-89621691(probes 3037920:3040780)      	chr7:88226235-88805339(probes 3037851:3038927)      	chr7:88495341-88496877(probes 3038390:3038391)      	0.00122	    0.00122		0: t>-0.1; 1: -0.1>t> -1.3; 2: t< -1.3	0	0	0	0	0	0	0	0	0	0	0	0	0	0	0	0	0	0	0	0	0	0	0	0	0	0	0	0	0	0	1	0	0	1	0	0	0	0	0	0	0	0	0	0	0	0	0	0	0	0	0	0	0	0	0	0	0	0	0	0	0	0	0	0	0	0	0	0	0	0	0	0	0	0	1	0	0	0	0	0	0	0	0	0	0	0	0	0	0	0	0	0	1	0	0	1	
Deletion Peak 10	9p21.3  	chr9:21999068-23680137(probes 3764909:3767849)      	chr9:22436657-22443841(probes 3765709:3765720)      	chr9:19664974-23113863(probes 3760909:3766775)      	0.01887	    0.01887		0: t>-0.1; 1: -0.1>t> -1.3; 2: t< -1.3	0	0	0	0	0	0	0	0	0	0	0	0	0	0	0	0	0	1	0	0	0	0	1	0	0	0	0	0	1	0	1	0	0	0	0	0	0	0	0	0	0	0	0	0	0	0	0	0	0	0	0	0	0	1	0	0	0	0	0	0	0	1	0	0	0	0	0	0	0	0	0	0	0	0	1	0	0	0	1	0	0	0	0	0	0	1	0	0	0	0	0	1	0	0	0	1	
Deletion Peak 11	9q31.3  	chr9:111122272-111976185(probes 3910160:3912003)  	chr9:111179544-111976185(probes 3910290:3912003)  	chr9:111221085-111222165(probes 3910384:3910385)  	0.1856	    0.18572		0: t>-0.1; 1: -0.1>t> -1.3; 2: t< -1.3	1	1	0	0	0	0	0	0	0	0	0	0	0	0	0	0	0	1	0	0	0	0	0	0	0	0	0	0	1	0	0	0	0	0	0	0	0	0	0	0	0	0	0	0	0	0	0	0	0	0	0	0	0	1	0	0	0	0	0	0	0	0	0	0	0	0	0	0	0	0	1	0	0	0	1	1	0	0	0	0	0	0	0	0	1	1	0	0	0	1	0	0	0	0	0	0	
Deletion Peak 12	11p11.11	chr11:47825991-55335864(probes 4265349:4279973)    	chr11:49929584-55112297(probes 4269201:4279534)    	chr11:47645920-56434791(probes 4265242:4282103)    	0.0036879	  0.0036879		0: t>-0.1; 1: -0.1>t> -1.3; 2: t< -1.3	0	0	0	0	0	0	1	0	0	0	0	0	0	1	0	0	0	0	0	0	0	0	0	1	0	0	0	0	0	0	0	0	0	0	0	0	0	1	0	0	0	1	0	0	0	0	0	0	0	0	0	0	0	0	0	0	0	0	0	0	0	0	0	0	0	0	0	0	1	0	0	1	0	0	0	0	1	0	1	0	0	0	0	0	1	0	0	0	1	0	0	0	0	0	0	0	
Deletion Peak 13	11q23.3 	chr11:113971693-134452384(probes 4441020:4516941)	chr11:120399225-120464357(probes 4464115:4464279)	chr11:120415934-120442398(probes 4464176:4464202)	0.18121	    0.18121		0: t>-0.1; 1: -0.1>t> -1.3; 2: t< -1.3	0	0	1	0	0	0	0	0	0	0	0	0	0	1	0	0	0	0	0	0	0	0	1	0	0	0	0	1	0	0	0	0	0	0	0	0	0	0	0	0	0	1	0	1	0	1	0	0	0	0	0	0	0	0	0	0	0	0	0	0	0	0	0	0	0	0	0	1	1	0	0	1	0	0	1	1	0	0	1	0	0	0	0	0	0	0	0	1	0	0	1	0	0	0	0	0	
Deletion Peak 14	12p12.3 	chr12:15833317-20414381(probes 4533583:4540464)    	chr12:19172891-19422383(probes 4538538:4538933)    	chr12:15880185-19906498(probes 4533644:4539660)    	0.065654	   0.063232		0: t>-0.1; 1: -0.1>t> -1.3; 2: t< -1.3	0	0	0	0	0	0	0	0	0	0	0	0	0	0	0	0	0	1	0	0	0	1	0	0	0	0	0	0	1	0	0	0	1	0	0	0	0	0	1	0	0	0	0	0	0	0	0	0	0	0	0	0	0	0	0	1	0	0	0	0	0	0	0	1	0	0	0	0	0	0	0	1	0	0	1	0	0	0	0	0	0	0	0	0	0	0	0	0	0	0	0	0	0	0	0	0	
Deletion Peak 15	17p13.2 	chr17:1-8156887(probes 5321349:5323537)                 	chr17:46889-8149453(probes 5321354:5323534)            	chr17:1-8154250(probes 5321349:5323536)                 	0.18121	    0.18121		0: t>-0.1; 1: -0.1>t> -1.3; 2: t< -1.3	0	1	1	0	0	1	0	1	0	0	0	0	0	1	0	0	0	1	1	0	0	0	1	1	0	1	0	1	0	0	1	0	1	1	0	0	0	1	1	0	0	1	1	0	1	1	0	0	1	0	1	1	1	1	1	1	0	0	0	0	0	1	0	1	0	0	0	1	0	0	1	1	0	0	1	1	0	1	0	0	1	1	1	0	0	0	0	1	1	1	1	0	0	0	0	0	
Deletion Peak 16	17q25.3 	chr17:78595316-78774742(probes 5597339:5597340)    	chr17:78595450-78774742(probes 5597340:5597340)    	chr17:78395194-78774742(probes 5596298:5597340)    	0.11911	    0.11911		0: t>-0.1; 1: -0.1>t> -1.3; 2: t< -1.3	0	0	0	0	1	0	0	0	0	0	0	0	0	0	0	0	0	0	0	0	0	0	0	0	0	0	0	0	0	0	1	0	0	0	0	0	0	0	0	0	0	1	1	0	0	0	0	0	1	0	0	0	0	1	0	0	0	0	0	0	0	0	0	0	0	0	0	0	0	0	0	0	0	0	1	0	0	0	0	0	0	1	0	0	0	0	1	0	0	0	0	0	0	0	0	0	
Deletion Peak 17	19p13.3 	chr19:1-10626818(probes 5694860:5699220)             	chr19:1478777-10047410(probes 5694986:5698877)      	chr19:1-16234394(probes 5694860:5705213)             	0.00032952	 0.00032952		0: t>-0.1; 1: -0.1>t> -1.3; 2: t< -1.3	1	0	0	0	0	0	0	0	0	0	0	0	0	0	0	0	0	0	0	0	0	0	1	0	0	0	0	0	0	0	1	0	1	0	0	0	0	0	0	0	0	0	0	0	0	1	0	0	0	0	0	0	0	0	0	0	0	0	0	0	0	1	0	0	0	0	0	0	0	0	1	0	0	0	0	1	0	0	0	0	0	1	1	0	0	0	0	0	1	1	0	0	0	0	1	1	
Amplification Peak  1 - CN values	1q21.2  	chr1:148166325-154634621(probes 300778:310163)    	chr1:148166573-150015452(probes 300779:302935)    	chr1:120992604-166552428(probes 295963:334895)    	0.00026964	 0.00026964		Actual Copy Change Given	1	2	0.66667	0.5	1	2	2	1	1	1	2	2	1	0	0	0	1	1	1	0	0	0	2	1	1	1	1	0	1	2	2	1	1.3333	0	1	1.5	0	1	0	0	1	0	3	2	1	0	0	2	2.5	1	1	0.5	1	0	2	3	1	1	1	1	2	3.6569	1	1	0.5	0	1	3	3.6569	1	0	0	1	0	0.4	0	0	2	1.6	3	1	0.5	0	2	2	0	3	2	1	1.3333	2	1	0	1	3.6569	1	
Amplification Peak  2 - CN values	4p15.31 	chr4:20299156-20483255(probes 1531828:1531906)      	chr4:20364339-20479888(probes 1531829:1531905)      	chr4:20364339-20485473(probes 1531829:1531908)      	0.15784	    0.15784		Actual Copy Change Given	0	1	-0.66667	0	0	0	0	0	0	0	0	0	0	0	0	0	0	0	0	0	0	0	-0.5	0	0	0	0	1	0	0	0	3	0	0	0	0	0	-1	0	0	0	0	-0.5	0	0	0	0	0	0	0	0	0	-1	0	0	0	0	0	0	1	0	-0.5	0	0	0	0	0	-1	0	0	0	-1	0	0	0	0	0	0	-0.4	3.6569	0	0	0	0	0	0	0	0	0	0	0	0	0	0	1.3333	0	
Amplification Peak  3 - CN values	4q23    	chr4:100249169-100278754(probes 1693951:1693989)  	chr4:100249607-100277052(probes 1693952:1693988)  	chr4:100249607-100279888(probes 1693952:1693992)  	0.021575	   0.021575		Actual Copy Change Given	0	0	-0.66667	0	0	0	0	0	0	3.6569	0	0	0	0	0	0	0	-1	0	0	0	0	0	0	0	0	0	-1	0	0	-0.66667	0	0	3	3.6569	0	0	-1	0	0	0	-1	-0.5	0	0	-1	0	0	0	0	0	-0.5	-1	-1	0	0	0	0	0	-1	0	-0.5	0	0	0	0	0	-1	-1	0	0	-1	0	0	0	-1	0	0	-0.8	0	0	-1	0	0	-1	0	0	0	-1	0	-1	0	0	0	-0.66667	0	
Amplification Peak  4 - CN values	5q35.3  	chr5:179141654-179429897(probes 2361635:2362321)  	chr5:179141666-179429854(probes 2361636:2362320)  	chr5:179141666-179430149(probes 2361636:2362323)  	0.070952	   0.070952		Actual Copy Change Given	0	2	-0.66667	0	1	1	0	0	0	0	1	0	1	1	0	2	0	0	0	0	1	0	0	1	1	0	0	0	0	1	-0.66667	1	0	0	2	1	1	0	0	0	1	0	0	1	0	1	0	0	1	0	1	0	0	0	0	3.6569	1	1	0	0	0	0	0	0	0	0	0	1	0	0	0	0	1	0	0.4	0	0	1	0.4	1	1	0	1	1	0	1	0	2	0	0.66667	0	0	0	0	0	0	
Amplification Peak  5 - CN values	6p21.1  	chr6:43758563-45244471(probes 2397374:2399561)      	chr6:43758766-44536483(probes 2397375:2398482)      	chr6:42604436-53679975(probes 2395765:2413134)      	0.0048335	  0.0048335		Actual Copy Change Given	0	0	2	0	0	1	1	3.6569	2	0	0	2	0	0	0	0	0	0	0	0	0	0	3.6569	1	0	3.6569	0	0	0	2	-0.66667	1	3.3333	3	0	1	1	0	0	0	1	0	0	0	0	0	2	2	0	0	0	0.5	1	1	2	0	0	1	0	0	1	0.5	0	0	0	0	0	0.5	0	0	0	0	0	0	1.2	0	0	2	-0.4	1	0	0	1	0	0	0	1	1	0	0	0	0	0	0	1.3333	1	
Amplification Peak  6 - CN values	7p22.2  	chr7:3546209-3675181(probes 2932852:2932887)          	chr7:3573167-3666877(probes 2932853:2932886)          	chr7:3546209-3676020(probes 2932852:2932889)          	0.013253	   0.013253		Actual Copy Change Given	0	0	2.6667	0	0	2	1	0	0	0	1	0	0	0.5	0	3.6569	0	0	0	0	2	0	0	1	1	0	0	1	0	0	0	3	0	0	1	0.5	1	0	0	0	2	0	0	0	0	0	3.6569	1	2	0	3	0	2	0	0	0	0	2	0	0	1	0.5	0	0	0	0	0	0	1	0	0	2	0	0	-0.4	0	0	1	0.4	0	1	0	0	1	0	0	1	0	1	0.66667	0	0	0	0	0.66667	3.6569	
Amplification Peak  7 - CN values	8q23.1  	chr8:103176726-146274826(probes 3528938:3742395)  	chr8:105244973-108389960(probes 3538980:3554273)  	chr8:105244973-108390242(probes 3538980:3554276)  	0.22527	    0.22527		Actual Copy Change Given	3.6569	2	0.66667	1.5	1	3.6569	2	3	2	1	3	2	2	0	1	1	1	3	0	1	0	0	3.6569	3.6569	2	1	0	0	1	2	2	2	1.3333	0	3.6569	0.5	3	0	0	0	3.6569	1	3	0	2	1	1	2	2	0	1	0	0	0	3	1	3.6569	0	0	3.6569	1	3.6569	0	1	0.5	0	3.6569	0	1	3	1	0	1	0	0.4	0	1	3.6569	0	3	0	2	1	2	1	0	1	3.6569	0	3.3333	0	1	0	0	1.3333	2.5	
Amplification Peak  8 - CN values	9p23    	chr9:11432234-14070741(probes 3747966:3751864)      	chr9:11508391-12493841(probes 3748066:3749516)      	chr9:11404733-14132232(probes 3747941:3751940)      	0.037442	   0.037442		Actual Copy Change Given	0	0	1.3333	0	0	0	1	0	0	0	0	0	0	0	0	0	0	-1	0	0	0	0	-1	0	0	0	0	0	0	0	0.66667	0	0.66667	1	0	0	0	0	0	0	0	0	0	0	2	0	0	0	0	0	1	0	0	-1	0	0	0	0	0	0	0	-0.5	0	0	0	0	0	0	1	0	0	0	0	0	-0.4	0	0	0	-0.4	1	0	1	0	0	0	0	0	0	0	0.66667	0	1	0	0	0.66667	0	
Amplification Peak  9 - CN values	9p13.3  	chr9:32880289-32893328(probes 3785982:3785986)      	chr9:32880349-32886387(probes 3785983:3785985)      	chr9:32860069-32899801(probes 3785933:3786000)      	8.886e-07	  8.886e-07		Actual Copy Change Given	0	0	1.3333	0	0	0	0	0	0	0	0	0	0	0	0	0	0	-1	0	0	0	0	0	0	0	0	0	0	0	0	0	0	0.66667	0	0	0	0	0	0	0	0	3	0	0	0	3.6569	0	0	0	0	0	0	0	-1	0	0	0	0	0	0	0	0.5	0	0	0	0	0	0	3.6569	0	0	0	3	0	-0.4	0	0	0	-0.4	0	2	0	0	0	0	3	0	0	3.6569	0.66667	0	0	0	0	0	0.5	
Amplification Peak 10 - CN values	11p13   	chr11:32779584-33053970(probes 4246740:4246940)    	chr11:32779790-33045140(probes 4246741:4246939)    	chr11:32752669-33055243(probes 4246735:4246942)    	0.021575	   0.021575		Actual Copy Change Given	0	0	0.66667	0	0	0	0	0	0	3.6569	0	0	0	-0.5	0	0	0	0	0	0	0	0	0	0	0	0	0	0	0	0	0	0	0	0	0	0	0	0	0	0	0	-1	0	0	0	3.6569	0	0	0	0	2	0	0	0	0	0	0	0	0	0	0	0	0	0	0	0	0	0	-1	0	0	-1	0	0	0	0	0	0	-0.4	0	0	0	0	0	0	0	0	1	0	0.66667	1	0	0	0	0	0	
Amplification Peak 11 - CN values	11q13.2 	chr11:68831183-69265650(probes 4308918:4309557)    	chr11:68831869-69252263(probes 4308919:4309556)    	chr11:67273414-69539121(probes 4305939:4309929)    	3.0962e-09	 3.0962e-09		Actual Copy Change Given	0	0	2.6667	0	0	0	0	0	0	0	0	0	0	-0.5	0	0	0	0	0	0	0	0	0	0	0	0	0	0	0	0	0	0	0	0	3.6569	0	0	0	1	0	0	3.6569	0	0	0	0	0	0	0	0	0	0	0	0	0	0	0	0	0	0	0	0	0	0	0	0	0	3.6569	-1	0	0	3.6569	0	0	-0.4	3.6569	0	0	-0.4	0	0	0	0	0	0	0	0	1	0	0.66667	3.6569	0	0	0	0	0	
Amplification Peak 12 - CN values	12p13.33	chr12:1-112383(probes 4516942:4516953)                  	chr12:1-110047(probes 4516942:4516952)                  	chr12:1-119607(probes 4516942:4516955)                  	0.070952	   0.070952		Actual Copy Change Given	0	0	0	0	0	0	0	0	0	0	0	0	0	0	0	0	0	-1	0	0	0	0	0.5	0	0	0.00022505	0	0	-1	0	0	0	-0.66667	0	3.4049e-05	0	0	0	0	0	0	0	0	1	0	0	0	0	0	0	1	0	0	0	0	-1	0	0	0	0	0	0	0	3.6569	2.4053e-05	0	0	0	1	3	0	-1	0	0	-0.4	0	0	0	0	0	0	1	0	0	0	0	4.722e-05	1	1	0	0	0	0	0	0	0	
Amplification Peak 13 - CN values	13q34   	chr13:112030408-113771025(probes 4997270:5001784)	chr13:112030831-113770958(probes 4997271:5001783)	chr13:112030831-113771591(probes 4997271:5001786)	0.20732	    0.20732		Actual Copy Change Given	0	0	-0.66667	0	0	0	0	0	0	0	0	3.6569	0	-0.5	0	0	1	-1	0	0	0	0	-0.5	0	0	0	0	0	0	0	0	0	0	0	0	0	0	-1	0	1	0	0	0	0	0	-1	0	0	0	0	0	0	-1	1	0	-1	0	0	0	0	1	0.5	0	0	0	0	0	0	-1	0	-1	0	0	0	2	0	0	0	0	0	0	-1	-1	0	0	0	0	1	-1	-0.66667	0	0	0	0	2.6667	0	
Amplification Peak 14 - CN values	14q13.3 	chr14:35607371-35656968(probes 5011913:5011967)    	chr14:35608485-35656917(probes 5011914:5011966)    	chr14:35608485-35660312(probes 5011914:5011969)    	0.20732	    0.20732		Actual Copy Change Given	0	-1	0.66667	0	0	0.5	0	0	0	0	0	0	0	0	0	1	0	0	0	0	0	0	0	0	0	0	0	0	-1	0	-0.66667	0	0.66667	0	0	0	0	-1	0	0	0	0	-0.5	0	0	-1	0	0	1	0	1	0	0	0	0	-1	0	1	0	-1	0	3.6569	0	0	0	0	0	0	-1	0	0	0	0	0	0	0	0	0	0	0	0	-1	0	0	0	0	0	0	-1	-0.66667	3.6569	0	0	0	0	0.5	
Amplification Peak 15 - CN values	17q25.1 	chr17:68575772-69560208(probes 5545258:5549982)    	chr17:68717960-69555034(probes 5545942:5549953)    	chr17:68575822-69560581(probes 5545259:5549984)    	0.15784	    0.15784		Actual Copy Change Given	0	0	0	0.5	-1	1.5	0	1	0	1	0	1	0	1.5	0	0	0	1	0	0	0	0	0	2	0	0	0	0	0	0	-0.66667	0	0	0	0	0	1	1	0	0	1	0	3	2	0	1	1	0	0.5	0	1	0.5	0	-1	1	1	0	0	0	0	0	0.5	0	0	0	0	0	0	1	0	0	0	1	0	-0.4	0	0	1	0.4	0	1	-0.5	0	1	0	0	0	2	0	-0.66667	0	0	0	0	0.66667	0.5	
Amplification Peak 16 - CN values	18p11.32	chr18:1-1030886(probes 5597341:5597429)               	chr18:1-1028276(probes 5597341:5597428)               	chr18:1-1040886(probes 5597341:5597431)               	0.22527	    0.22527		Actual Copy Change Given	0	0	0.66667	0	0	0	0	0	0	0	-1	0	0	0	0	0	0	3	0	0	0	0	0	0	0	0	0	0	0	0	-0.66667	0	-0.66667	0	0	0	0	0	0	0	1	0	0	0	0	-1	0	0	1	0	0	0	0	0	0	0	0	0	0	0	0	0.5	0	3.6569	0	0	0	0	0	0	0	-1	0	0	0	0	0	0	-0.4	0	0	0	0	1	-1	0	0	0	0	-0.66667	0	0	0	0	0.66667	-0.5	
Amplification Peak 17 - CN values	19q12   	chr19:24297412-33021659(probes 5718154:5718519)    	chr19:24297478-33020592(probes 5718155:5718518)    	chr19:24297478-33123785(probes 5718155:5718627)    	3.0962e-09	 3.0962e-09		Actual Copy Change Given	0	3	0	0.5	0	0.5	1	0	0	3	0	0	1	0.5	0	2	0	1	0	0	0	0	0.5	0	0	0	0	0	0	0	1.3333	0	3.3333	0	0	0	1	3.6569	0	0	0	0.5	0.5	3.6569	1	0	0	0	0	0	1	0	1	2	2	0	0	1	0	0	0	2	2	0	0	0	0	0	1	0	0.5	1	0	0	0	0	0	0	0.8	0	0	1.5	1	1	0	0	1	0	0	2	0	0	0	0	1.3333	0	
Amplification Peak 18 - CN values	20q13.32	chr20:49541845-62435964(probes 5826015:5845534)    	chr20:55463164-58357330(probes 5834346:5838670)    	chr20:55463164-58358329(probes 5834346:5838673)    	0.22527	    0.22527		Actual Copy Change Given	0	0	0.66667	0	0	0	1	0	0	0	1	1	0	0	0	2	0	0	0	0	0	0	2.5	0	0	0	0	0	1	0	0	0	0.66667	0	0	0.5	0	0	3	0	1	0.5	1	1	0	0	0	0	1	0	1	0	0	0	0	0	0	1	0	0	0	0	0	0	0	0	0	0	1	0	0	0	1	0	0	0	0	0	0.4	0	0	0	1	1	0	0	1	1	0	0.66667	0	1	0	0	0.66667	0.5	
Amplification Peak 19 - CN values	21q21.3 	chr21:29475859-29640880(probes 5849181:5849248)    	chr21:29478111-29619543(probes 5849182:5849247)    	chr21:29478111-29644174(probes 5849182:5849250)    	0.20732	    0.20732		Actual Copy Change Given	0	0	-0.66667	0	0	0	0	0	0	0	0	0	-1	0	0	0	0	0	0	0	0	0	0	0	0	0	0	0	-1	0	-0.66667	0	-0.66667	0	0	0	0	0	0	0	0	0	0	0	-1	-1	0	0	0	0	0	0	0	-1	0	0	0	0	0	-1	0	-0.5	-1	-1	0	0	0	0	0	0	0	0	0	0	-0.4	-1	0	0	-0.4	0	0	-1.2929	0	0	0	0	0	0	0	-0.66667	0	0	3.6569	3.6569	0.66667	-0.5	
Deletion Peak  1 - CN values	1p36.31 	chr1:4742430-11789981(probes 604:5876)               	chr1:6166056-6622428(probes 1324:1617)                	chr1:1-11786370(probes 1:5873)                        	0.054741	    0.11911		Actual Copy Change Given	0	0	0	0	0	0	0	0	0	0	0	-1	0	-1	0	0	0	-1	0	0	0	0	-1	0	0	0	0	0	-1	0	0	0	0	0	0	0	0	0	0	0	0	0	0	-1	0	0	0	0	0	-1	0	-0.5	0	0	0	0	0	0	0	-1	0	0	0	0	0	0	0	0	0	0	0	0	0	0	0	0	-1	0	-0.8	1	0	-1	0	0	-1	0	-1	0	0	-0.66667	0	0	0	0	-0.66667	-0.5	
Deletion Peak  2 - CN values	1p22.3  	chr1:64482534-143602428(probes 104681:295984)      	chr1:86586461-87584303(probes 170551:173954)        	chr1:86103834-88818106(probes 169022:178214)        	0.11911	    0.18121		Actual Copy Change Given	0	0	0.66667	0	0	0	0	0	0	0	0	0	-1	0	0	0	0	-1	0	0	0	0	0.5	0	0	0	0	0	0	0	0	1	0	0	0	0	0	0	0	0	0	0	0	0	0	0	0	0	0	0	0	-0.5	0	0	0	0	-1	0	0	0	0	-0.5	0	0	0	0	0	0	0	0	0	0	0	0	0	0	0	0	-0.8	0	0	-1	0	0	-1	0	0	0	-1	-0.66667	0	0	0	0	-0.66667	0	
Deletion Peak  3 - CN values	2q22.2  	chr2:106869014-159801077(probes 668374:801468)    	chr2:140705060-144242993(probes 748395:757961)    	chr2:141700351-141700870(probes 750889:750890)    	0.18121	    0.18121		Actual Copy Change Given	0	-1	0	0	0	0	0	0	0	0	0	0	0	0	0	0	0	0	0	0	0	0	0.5	0	0	0	0	0	0	0	0	0	-0.66667	0	0	0.5	-1	0	0	0	0	0	-0.5	0	0	0	0	0	0	0	1	0	0	0	0	0	0	0	0	0	0	-0.5	0	0	0	0	0	0	1	0	0	-1	0	0	-0.4	0	0	0	0.4	0	0	-0.5	0	0	0	0	0	1	0	-0.66667	1	0	0	0	0	0	
Deletion Peak  4 - CN values	2q37.3  	chr2:235629014-242951149(probes 1046335:1071355)  	chr2:238139879-238814001(probes 1055228:1057649)  	chr2:235994581-242951149(probes 1047609:1071355)  	0.035552	   0.035552		Actual Copy Change Given	0	0	0	0	0	0	0	0	0	0	0	0	0	0	0	0	0	0	0	0	-1	0	0.5	0	0	0	0	0	0	0	0	0	-0.66667	0	0	0.5	0	0	0	0	0	0	0	0	0	-1	0	0	0	0	1	0	0	0	0	0	0	0	0	0	0	-0.5	0	0	0	0	0	0	1	0	0	-1	0	0	-0.4	0	0	0	0.4	-1	0	-0.5	0	0	0	0	0	1	0	0	1	0	0	0	-1.2929	0	
Deletion Peak  5 - CN values	3p26.3  	chr3:1-1109645(probes 1071356:1071626)                  	chr3:196227-429396(probes 1071367:1071421)              	chr3:336227-346225(probes 1071395:1071396)              	0.00032952	 0.00032952		Actual Copy Change Given	0	0	0	0	0	0.5	0	0	0	0	0	0	0	0.5	0	0	0	0	0	0	0	0	-0.5	0	0	0	0	0	0	0	0	0	0	0	0	0	0	0	0	0	0	0	0	1	0	1	0	0	0	0	0	0	-1	-1	0	0	1	0	0	0	0	0.5	0	-1	0	0	0	0	0	0	0.5	0	0	0	-0.4	0	0	0	0	0	0	-0.5	0	0	-1	0	0	0	0	0	0	0	0	0	0	0	
Deletion Peak  6 - CN values	3p21.31 	chr3:48459647-53828449(probes 1112820:1121303)      	chr3:48529398-52224265(probes 1112903:1118754)      	chr3:48465198-53628449(probes 1112829:1120983)      	0.054741	     0.1204		Actual Copy Change Given	0	0	0	-0.5	-1	0	0	0	0	0	0	0	0	-0.5	0	0	0	0	0	0	0	0	-0.5	0	0	0	0	0	0	0	0	0	0	0	0	0	0	0	0	0	0	0	0	1	0	-1	0	0	0	0	0	0	-1	-1	0	0	1	0	0	0	0	0.5	0	0	0	0	0	0	0	0	0.5	0	0	0	-0.4	0	0	0	0	0	0	-0.5	0	0	-1	0	-1	0	0	0	0	0	0	0	0	0	
Deletion Peak  7 - CN values	4q21.23 	chr4:82611023-99612839(probes 1638423:1691784)      	chr4:84398371-84602881(probes 1643401:1643874)      	chr4:66399068-117673055(probes 1595648:1758287)    	0.00052464	 0.00052464		Actual Copy Change Given	0	-1	-0.66667	0	0	-0.5	0	0	0	0	0	0	0	0	0	0	0	-1	0	0	0	0	0	0	0	0	0	-1	-1	0	0	0	0	0	0	0	0	-1	0	0	0	-1	-0.5	0	0	-1	0	0	0	0	0	-0.5	-1	-1	0	0	0	0	0	-1	0	-0.5	0	0	0	0	0	-1	-1	0	0	-1	0	0	0	-1	0	0	-0.8	0	0	-1	0	0	-1	0	0	0	-1	-0.66667	-1	0	0	0	1.3333	0	
Deletion Peak  8 - CN values	4q35.1  	chr4:174774338-191273063(probes 1997848:2074575)  	chr4:184474509-184606309(probes 2043394:2044019)  	chr4:175229424-191273063(probes 1999983:2074575)  	0.01887	    0.01887		Actual Copy Change Given	0	0	-0.66667	0	0	0	0	0	0	0	0	0	0	0	0	0	0	-1	0	0	0	0	0	0	0	0	-1	-1	0	0	-1.2929	0	0	0	0	0	0	-1	0	0	0	0	-0.5	0	0	-1	0	0	0	0	0	-0.5	-1	0	0	0	0	0	0	-1	0	-0.5	0	0	0	0	0	-1	0	0	0	-1	0	0	-0.4	-1	0	0	-0.8	0	0	0	0	-1	-1	0	0	0	-1	0	-1	0	0	0	-0.66667	-0.5	
Deletion Peak  9 - CN values	7q21.13 	chr7:88260581-89621691(probes 3037920:3040780)      	chr7:88226235-88805339(probes 3037851:3038927)      	chr7:88495341-88496877(probes 3038390:3038391)      	0.00122	    0.00122		Actual Copy Change Given	0	0	2.6667	0	0	2	1	0	0	0	1	0	0	0.5	0	3.6569	0	0	0	0	1	0	0	1	1	0	0	2	0	0	-0.66667	0	0	-1	1	0.5	1	0	0	0	2	0	0	0	0	0	1	1	2	0	3	0	2	0	0	0	0	2	1	0	1	0	0	0	0	0	0	0	1	0	0	2	0	0	-0.4	0	0	1	0.4	0	1	0	0	1	0	0	1	0	1	2	0	0	-1	0	0	-0.5	
Deletion Peak 10 - CN values	9p21.3  	chr9:21999068-23680137(probes 3764909:3767849)      	chr9:22436657-22443841(probes 3765709:3765720)      	chr9:19664974-23113863(probes 3760909:3766775)      	0.01887	    0.01887		Actual Copy Change Given	0	0	1.3333	0	0	0	0	0	0	0	0	0	0	0	0	0	0	-1	0	0	0	0	-1	0	0	0	0	0	-1	0	-0.66667	0	0.66667	0	0	0	0	0	0	0	0	0	0	0	0	0	0	0	0	0	0	0	0	-1	0	0	0	0	0	0	0	-0.5	0	0	0	0	0	0	1	0	0	0	0	0	-0.4	0	0	0	-0.4	0	0	0	0	0	0	-1	0	0	0	0.66667	0	-1	0	0	0	-0.5	
Deletion Peak 11 - CN values	9q31.3  	chr9:111122272-111976185(probes 3910160:3912003)  	chr9:111179544-111976185(probes 3910290:3912003)  	chr9:111221085-111222165(probes 3910384:3910385)  	0.1856	    0.18572		Actual Copy Change Given	-1	-1	0	0	0	0	0	0	0	0	0	0	0	0	0	0	0	-1	0	0	0	0	0	0	0	0	0	0	-1	0	0	0	0.66667	0	0	0	0	0	0	0	0	0	0	0	0	0	0	0	0	0	0	0	0	-1	0	0	0	0	0	0	0	0	0	0	0	0	0	0	1	0	-1	0	0	0	-0.8	-1	0	0	0	0	0	0	0	0	-1	-1	0	0	0	-1.2929	0	0	0	0	0	0.5	
Deletion Peak 12 - CN values	11p11.11	chr11:47825991-55335864(probes 4265349:4279973)    	chr11:49929584-55112297(probes 4269201:4279534)    	chr11:47645920-56434791(probes 4265242:4282103)    	0.0036879	  0.0036879		Actual Copy Change Given	0	0	0.66667	0	0	0	-1	0	0	0	0	0	0	-0.5	0	0	0	0	0	0	0	0	0	-1	0	0	0	0	0	0	0	0	0	0	0	0	0	-1	0	0	0	-1	0	0	0	0	0	0	0	0	0	0	0	0	0	0	0	0	0	0	0	0	0	0	0	0	0	0	-1	0	0	-1	0	0	0	0	-1	0	-0.4	0	0	0	0	0	-1	0	0	1	-1	0.66667	0	0	0	0	0	0	
Deletion Peak 13 - CN values	11q23.3 	chr11:113971693-134452384(probes 4441020:4516941)	chr11:120399225-120464357(probes 4464115:4464279)	chr11:120415934-120442398(probes 4464176:4464202)	0.18121	    0.18121		Actual Copy Change Given	0	0	-0.66667	0	0	0	0	0	0	0	0	0	0	-0.5	0	0	0	0	0	0	0	0	-0.5	0	0	0	0	-1	0	0	0	0	0	0	0	0	0	0	0	0	0	-1	0.5	-1	0	-1	0	0	0	0	0	0	0	0	0	0	0	0	0	0	0	0	0	0	0	0	0	-1	-1	0	0	-1	0	0	-0.4	-1	0	0	-0.4	0	0	0	0	0	0	0	0	-1	0	0.66667	-1	0	0	0	0	0	
Deletion Peak 14 - CN values	12p12.3 	chr12:15833317-20414381(probes 4533583:4540464)    	chr12:19172891-19422383(probes 4538538:4538933)    	chr12:15880185-19906498(probes 4533644:4539660)    	0.065654	   0.063232		Actual Copy Change Given	0	0	0	0	0	0	0	0	0	0	0	0	0	0	0	0	0	-1	0	0	0	-1	0.5	0	0	0.00022505	0	0	-1	0	0	0	-1.2929	0	3.4049e-05	0	0	0	-1	0	0	0	0	1	0	0	0	0	0	0	1	0	0	0	0	-1	0	0	0	0	0	0	0	-1	2.4053e-05	0	0	0	1	0	0	-1	0	0	-0.4	0	0	0	0.4	0	0	0	0	0	0	0	4.722e-05	1	0	0	0	0	0	0	0	0	
Deletion Peak 15 - CN values	17p13.2 	chr17:1-8156887(probes 5321349:5323537)                 	chr17:46889-8149453(probes 5321354:5323534)            	chr17:1-8154250(probes 5321349:5323536)                 	0.18121	    0.18121		Actual Copy Change Given	0	-1	-0.66667	0	0	-1	0	-1	0	0	0	0	0	-1	0	0	0	-1	-1	0	0	0	-1	-1	0	-1	0	-1	0	0	-0.66667	0	-0.66667	-1	0	0	0	-1	-1	0	1	-0.5	-0.5	0	-1	-1	0	0	-1	0	-1	-0.5	-1	-1	-1	-1	0	0	0	0	0	-1	0	-1	0	0	0	-1	1	0	-0.5	-1.2929	0	0	-0.4	-1	0	-1	0	0	-1	-0.5	-1	0	0	0	0	-1	-1	-0.66667	-1	0	0	0	0	0.5	
Deletion Peak 16 - CN values	17q25.3 	chr17:78595316-78774742(probes 5597339:5597340)    	chr17:78595450-78774742(probes 5597340:5597340)    	chr17:78395194-78774742(probes 5596298:5597340)    	0.11911	    0.11911		Actual Copy Change Given	0	0	0	0.5	-1	1.5	0	1	0	0	0	1	0	1.5	0	0	0	1	0	0	0	0	0	2	0	0	0	0	0	0	-0.66667	0	0	0	0	0	1	1	0	0	1	-0.5	-1.2929	2	0	0	0	1	-1.2929	0	1	0.5	0	-1	1	1	0	0	0	0	0	0.5	0	0	0	0	0	0	1	0	0	1	1	0	-0.4	0	0	1	0.4	0	1	-0.5	0	0	0	0	-1.2929	2	0	0	0	0	0	0	0.66667	0.5	
Deletion Peak 17 - CN values	19p13.3 	chr19:1-10626818(probes 5694860:5699220)             	chr19:1478777-10047410(probes 5694986:5698877)      	chr19:1-16234394(probes 5694860:5705213)             	0.00032952	 0.00032952		Actual Copy Change Given	-1	0	2	0	0	0.5	0	0	0	0	0	0	0	0	0	2	0	0	0	0	0	0	-1	0	0	0	0	0	0	0	-0.66667	0	-0.66667	0	0	0.5	0	0	0	0	0	0	0.5	1	0	-1	0	0	0	0	1	0	0.5	0	0	0	0	1	0	0	0	-0.5	0	0	0	0	0	0	1	0	-1	0	0	0	0	-1	0	0	0.8	0	0	-0.5	-1	1	0	0	1	0	-1	-0.66667	0	0	0	0	-0.66667	-0.5	
